13
0
15
0
0
0
0
0
0
0
0
0
0
0
0
0
10
0
12
14
13
0
0
0
0
0
0
0
0
0
0
9
9
9
10
10
0
13
0
0
0
0
0
0
0
0
9
8
8
9
9
9
9
0
0
0
10
0
0
0
9
9
8
0
8
8
8
8
8
9
9
9
9
10
8
0
9
0
8
8
0
0
8
8
8
0
9
8
7
7
9
9
9
8
8
8
0
9
8
8
8
8
8
0
7
9
9
9
8
0
9
9
0
9
9
0
8
0
8
7
10
10
9
8
9
9
9
9
0
9
8
8
0
8
8
10
10
0
8
8
8
0
10
9
9
8
8
8
0
8
10
9
8
8
8
8
8
9
9
8
8
0
8
0
8
9
0
0
0
0
0
8
0
0
8
8
8
8
8
8
8
8
8
8
8
8
8
0
7
8
0
7
8
8
9
0
7
7
7
7
7
7
0
7
7
7
0
0
9
9
7
7
7
7
7
7
7
7
7
7
7
7
7
8
9
0
6
7
0
7
7
6
6
6
6
6
6
7
7
8
6
6
6
6
6
0
6
6
6
6
6
6
7
7
7
6
6
6
6
0
0
6
6
6
6
6
6
0
6
7
6
6
0
6
6
6
0
6
6
7
7
6
6
6
6
6
6
6
6
6
6
6
6
6
7
6
6
0
6
0
7
0
6
6
0
6
6
6
0
6
0
6
6
6
6
7
7
6
6
0
6
6
6
6
0
7
7
7
6
0
7
7
7
6
0
6
6
6
6
7
7
7
6
6
7
8
0
7
0
0
0
6
0
0
0
6
6
7
0
6
8
7
7
6
6
0
0
0
0
6
7
6
7
6
0
8
0
7
6
6
6
6
7
7
7
6
6
6
6
6
9
8
7
7
6
0
6
7
0
10
9
9
8
7
7
0
8
8
7
7
6
0
9
10
10
10
10
10
10
8
9
8
8
7
7
6
0
9
0
10
12
12
0
10
9
12
0
0
7
6
0
7
10
15
15
15
15
10
10
10
12
0
7
7
6
7
8
12
15
0
15
0
15
10
9
0
9
8
7
7
7
8
15
15
15
0
18
0
0
8
9
8
0
8
7
7
6
10
15
15
0
18
15
10
8
9
8
0
9
0
7
0
6
7
0
0
0
15
10
8
12
9
0
9
9
0
7
7
7
9
8
18
7
0
7
10
10
9
8
7
6
0
7
6
8
7
18
7
7
0
10
8
7
0
7
6
8
8
6
8
8
18
6
6
6
9
8
9
0
0
7
7
0
7
7
0
15
5
5
6
